accuracy: 98.4375
classification_report:
  '0':
    f1-score: 0.9761904761904762
    precision: 0.9761904761904762
    recall: 0.9761904761904762
    support: 42.0
  '1':
    f1-score: 0.9883720930232558
    precision: 0.9883720930232558
    recall: 0.9883720930232558
    support: 86.0
  macro avg:
    f1-score: 0.982281284606866
    precision: 0.982281284606866
    recall: 0.982281284606866
    support: 128.0
  weighted avg:
    f1-score: 0.984375
    precision: 0.984375
    recall: 0.984375
    support: 128.0
